42.3827667236 32.8992683256 0.0000000000 77.8550567627 37.4280049034 0.0000000000
20.9155387878 6.1382805894 0.0162495654 29.7865047455 7.5271506385 0.0162495654
13.5326175690 4.5077631696 0.0640229061 21.6773109436 5.2660514895 0.0640229061
10.1532163620 3.3952860623 0.1208559200 21.1172943115 5.0724478057 0.1208559200
7.8544936180 2.9923740132 0.1654037088 19.2208290100 4.8488854834 0.1654037088
6.8173170090 2.7828794813 0.1970814317 17.9849414825 4.6030284452 0.1970814317
6.3972830772 2.6361706159 0.2132391930 17.6639366150 4.5415471211 0.2132391930
6.1040015221 2.4961363579 0.2227995396 17.2226257324 4.3842111561 0.2227995396
5.8758463860 2.4115518951 0.2287855446 16.9039745331 4.3048830413 0.2287855446
5.6873178482 2.3540927663 0.2350791395 16.5336208344 4.2255583613 0.2350791395
5.5421075821 2.3052080548 0.2441460639 16.2070446014 4.1974682563 0.2441460639
5.4243016243 2.2658446630 0.2557806373 15.8983592987 4.1571454795 0.2557806373
5.3312683105 2.2299230955 0.2688426673 15.6563043594 4.1213621287 0.2688426673
5.2537417412 2.2000993898 0.2823153734 15.4781541824 4.1053213040 0.2823153734
5.1886582375 2.1747168796 0.2959789038 15.3226919174 4.0871467825 0.2959789038
5.1349325180 2.1514632668 0.3094514906 15.2072277069 4.0724605859 0.3094514906
5.0887813568 2.1315428767 0.3224521875 15.1067008972 4.0600226164 0.3224521875
5.0486440659 2.1144262583 0.3348512948 15.0256891251 4.0505712196 0.3348512948
5.0136322975 2.0993372935 0.3466075659 14.9561109543 4.0422001358 0.3466075659
4.9828376770 2.0859075823 0.3576775491 14.8978557587 4.0353037916 0.3576775491
4.9554591179 2.0739318307 0.3680436909 14.8478126526 4.0293027587 0.3680436909
4.9309415817 2.0631664538 0.3777112365 14.8051795959 4.0242980000 0.3777112365
4.9088702202 2.0533914514 0.3867046535 14.7677869797 4.0198156136 0.3867046535
4.8888335228 2.0445056940 0.3950610757 14.7348995209 4.0159818229 0.3950610757
4.8705267906 2.0364034373 0.4028246403 14.7053871155 4.0126686858 0.4028246403
4.8537178040 2.0289741608 0.4100465477 14.6787700653 4.0098234797 0.4100465477
4.8382048607 2.0221404238 0.4167784750 14.6545000076 4.0073942282 0.4167784750
4.8238272667 2.0158323738 0.4230701625 14.6321725845 4.0053456809 0.4230701625
4.8104505539 2.0099883331 0.4289684892 14.6115055084 4.0036387892 0.4289684892
4.7979645729 2.0045546217 0.4345164001 14.5922269821 4.0022326671 0.4345164001
4.7862730026 1.9994874884 0.4397525787 14.5741415024 4.0011022643 0.4397525787
4.7752966881 1.9947467973 0.4447115064 14.5570898056 4.0002139222 0.4447115064
4.7649674416 1.9902977339 0.4494233429 14.5409288406 3.9995414499 0.4494233429
4.7552261353 1.9861101662 0.4539141953 14.5255641937 3.9990578643 0.4539141953
4.7460236549 1.9821569624 0.4582064152 14.5108966827 3.9987395152 0.4582064152
4.7373142242 1.9784157681 0.4623188972 14.4968614578 3.9985651116 0.4623188972
4.7290620804 1.9748659332 0.4662675261 14.4833927155 3.9985153172 0.4662675261
4.7212309837 1.9714907732 0.4700654149 14.4704513550 3.9985740144 0.4700654149
4.7137923241 1.9682750520 0.4737235308 14.4579906464 3.9987254587 0.4737235308
4.7067179680 1.9652059278 0.4772507846 14.4459857941 3.9989580416 0.4772507846
4.6999855042 1.9622723542 0.4806545377 14.4344081879 3.9992606438 0.4806545377
4.6935729980 1.9594645629 0.4839407504 14.4232511520 3.9996237983 0.4839407504
4.6874613762 1.9567744109 0.4871143997 14.4124784470 4.0000403083 0.4871143997
4.6816329956 1.9541945319 0.4901795089 14.4020938873 4.0005037657 0.4901795089
4.6760711670 1.9517188521 0.4931394458 14.3920841217 4.0010090817 0.4931394458
4.6707611084 1.9493414702 0.4959971011 14.3824396133 4.0015519318 0.4959971011
4.6656913757 1.9470577393 0.4987549782 14.3731546402 4.0021287733 0.4987549782
4.6608471870 1.9448633079 0.5014153123 14.3642168045 4.0027367942 0.5014153123
4.6562180519 1.9427542423 0.5039800406 14.3556327820 4.0033744374 0.5039800406
4.6517934799 1.9407269295 0.5064511895 14.3473901749 4.0040392487 0.5064511895
4.6475620270 1.9387782926 0.5088305473 14.3394861221 4.0047299940 0.5088305473
4.6435151100 1.9369052957 0.5111199617 14.3319120407 4.0054459855 0.5111199617
4.6396427155 1.9351050588 0.5133212805 14.3246707916 4.0061860636 0.5133212805
4.6359386444 1.9333751156 0.5154362321 14.3177509308 4.0069493732 0.5154362321
4.6323933601 1.9317131556 0.5174668431 14.3111438751 4.0077352027 0.5174668431
4.6289992332 1.9301167776 0.5194149017 14.3048563004 4.0085436385 0.5194149017
4.6257505417 1.9285835663 0.5212824941 14.2988739014 4.0093738946 0.5212824941
4.6226401329 1.9271115714 0.5230715871 14.2931890488 4.0102250095 0.5230715871
4.6196608543 1.9256988559 0.5247842073 14.2878007889 4.0110975839 0.5247842073
4.6168069839 1.9243432749 0.5264225006 14.2826967239 4.0119903576 0.5264225006
4.6140723228 1.9230431309 0.5279884934 14.2778711319 4.0129034125 0.5279884934
4.6114525795 1.9217961480 0.5294845104 14.2733240128 4.0138359117 0.5294845104
4.6089420319 1.9206009915 0.5309125185 14.2690353394 4.0147872921 0.5309125185
4.6065373421 1.9194557804 0.5322749019 14.2650070190 4.0157581437 0.5322749019
4.6042318344 1.9183587162 0.5335736871 14.2612285614 4.0167466426 0.5335736871
4.6020216942 1.9173081133 0.5348111391 14.2576894760 4.0177525561 0.5348111391
4.5999011993 1.9163026602 0.5359894037 14.2543869019 4.0187760894 0.5359894037
4.5978684425 1.9153403496 0.5371106863 14.2513055801 4.0198155029 0.5371106863
4.5959181786 1.9144199154 0.5381770134 14.2484474182 4.0208710480 0.5381770134
4.5940494537 1.9135398625 0.5391905904 14.2457962036 4.0219419719 0.5391905904
4.5922551155 1.9126987789 0.5401534438 14.2433443069 4.0230270729 0.5401534438
4.5905327797 1.9118952254 0.5410676599 14.2410926819 4.0241263205 0.5410676599
4.5888795853 1.9111276861 0.5419352055 14.2390232086 4.0252385529 0.5419352055
4.5872941017 1.9103950421 0.5427580476 14.2371368408 4.0263634062 0.5427580476
4.5857725143 1.9096958766 0.5435381532 14.2354164124 4.0274997579 0.5435381532
4.5843100548 1.9090290799 0.5442773104 14.2338628769 4.0286478001 0.5442773104
4.5829067230 1.9083931677 0.5449773073 14.2324609756 4.0298053165 0.5449773073
4.5815577507 1.9077872378 0.5456399918 14.2312202454 4.0309733299 0.5456399918
4.5802631378 1.9072099922 0.5462670326 14.2301120758 4.0321493575 0.5462670326
4.5790181160 1.9066603033 0.5468601584 14.2291450500 4.0333341148 0.5468601584
4.5778222084 1.9061372456 0.5474208593 14.2283086777 4.0345261357 0.5474208593
4.5766725540 1.9056396986 0.5479507446 14.2275934219 4.0357246701 0.5479507446
4.5755677223 1.9051666784 0.5484513640 14.2269983292 4.0369296143 0.5484513640
4.5745043755 1.9047169985 0.5489240289 14.2265090942 4.0381393297 0.5489240289
4.5734839439 1.9042900984 0.5493702292 14.2261266708 4.0393535374 0.5493702292
4.5725002289 1.9038848987 0.5497913361 14.2258491516 4.0405723004 0.5497913361
4.5715556145 1.9035002372 0.5501884818 14.2256622314 4.0417935037 0.5501884818
4.5706458092 1.9031356246 0.5505630374 14.2255630493 4.0430175587 0.5505630374
4.5697703362 1.9027902855 0.5509160757 14.2255544662 4.0442437259 0.5509160757
4.5689282417 1.9024630672 0.5512487888 14.2256183624 4.0454704743 0.5512487888
4.5681166649 1.9021534160 0.5515622497 14.2257585526 4.0466983373 0.5515622497
4.5673360825 1.9018607585 0.5518574715 14.2259750366 4.0479258382 0.5518574715
4.5665831566 1.9015840478 0.5521355271 14.2262554169 4.0491525630 0.5521355271
4.5658583641 1.9013228364 0.5523971915 14.2265958786 4.0503787435 0.5523971915
4.5651597977 1.9010762157 0.5526435375 14.2269973755 4.0516025312 0.5526435375
4.5644869804 1.9008440265 0.5528752804 14.2274513245 4.0528244969 0.5528752804
4.5638380051 1.9006251407 0.5530933738 14.2279539108 4.0540427038 0.5530933738
4.5632128716 1.9004190268 0.5532984138 14.2285060883 4.0552575634 0.5532984138
4.5626096725 1.9002254229 0.5534913540 14.2291021347 4.0564693674 0.5534913540
4.5620274544 1.9000434932 0.5536727905 14.2297382355 4.0576759755 0.5536727905
4.5615210533 1.8998896034 0.5538267493 14.2304143906 4.0588782007 0.5538433194
