5.6740741730 2.3480272637 0.5538433194 14.2304143906 4.0588782007 0.5538433194
4.1362047195 2.1007092333 0.5382375121 13.5154256821 3.9075691477 0.5382375121
4.0099196434 1.9579081932 0.5237405300 13.5234060287 3.7721563296 0.5237405300
3.8416419029 1.9677555643 0.5258292556 13.6794776917 3.8159297595 0.5258292556
3.7988412380 1.8694049708 0.5192594528 13.4694337845 3.7376503255 0.5192594528
3.7121067047 1.8503712626 0.5165000558 13.4216251373 3.6909908654 0.5165000558
3.6507277489 1.8122702274 0.5211036205 13.4267616272 3.6495923855 0.5211036205
3.5856485367 1.7950320698 0.5236271620 13.4243278503 3.6201298713 0.5236271620
3.5360929966 1.7724707002 0.5258868933 13.3952541351 3.6005438410 0.5258868933
3.4918749332 1.7529011852 0.5288514495 13.4043474197 3.5812535079 0.5288514495
3.4509999752 1.7398785323 0.5303785801 13.4204683304 3.5719016007 0.5303785801
3.4180917740 1.7263843633 0.5319612026 13.4149570465 3.5638110604 0.5319612026
3.3883495331 1.7170319044 0.5329401493 13.4331235886 3.5615313839 0.5329401493
3.3630163670 1.7091943588 0.5337858200 13.4524488449 3.5612271591 0.5337858200
3.3414778709 1.7029008456 0.5342253447 13.4723205566 3.5627760611 0.5342253447
3.3232023716 1.6978405426 0.5343111753 13.4935855865 3.5663286508 0.5343111753
3.3074498177 1.6938705224 0.5342336893 13.5172548294 3.5708414289 0.5342336893
3.2940676212 1.6906080624 0.5339412093 13.5405426025 3.5759783972 0.5339412093
3.2825903893 1.6878839653 0.5335736275 13.5635938644 3.5814858299 0.5335736275
3.2726597786 1.6856694786 0.5331184268 13.5862970352 3.5871592606 0.5331184268
3.2640507221 1.6837959395 0.5326371193 13.6082839966 3.5928673815 0.5326371193
3.2565829754 1.6821806477 0.5321305394 13.6294527054 3.5985239165 0.5321305394
3.2500605583 1.6807756679 0.5316320062 13.6497344971 3.6040588127 0.5316320062
3.2443425655 1.6795501741 0.5311428905 13.6690139771 3.6094457995 0.5311428905
3.2393114567 1.6784731089 0.5306756496 13.6872806549 3.6146718506 0.5306756496
3.2348694801 1.6775271633 0.5302320123 13.7045316696 3.6197372770 0.5302320123
3.2309377193 1.6766991688 0.5298150182 13.7207565308 3.6246461388 0.5298150182
3.2274460793 1.6759800310 0.5294255614 13.7359972000 3.6294052572 0.5294255614
3.2243356705 1.6753619783 0.5290635228 13.7502717972 3.6340228799 0.5290635228
3.2215604782 1.6748381003 0.5287281275 13.7636137009 3.6385061570 0.5287281275
3.2190768719 1.6744019048 0.5284180641 13.7760725021 3.6428603234 0.5284180641
3.2168514729 1.6740470317 0.5281323195 13.7876853943 3.6470878662 0.5281323195
3.2148520947 1.6737668415 0.5278688073 13.7984972000 3.6511909623 0.5278688073
3.2130527496 1.6735547392 0.5276263952 13.8085527420 3.6551692988 0.5276263952
3.2114322186 1.6734038420 0.5274032354 13.8178930283 3.6590215206 0.5274032354
3.2099680901 1.6733072889 0.5271980762 13.8265562057 3.6627454381 0.5271980762
3.2086458206 1.6732588652 0.5270091295 13.8345899582 3.6663392277 0.5270091295
3.2074494362 1.6732521701 0.5268354416 13.8420257568 3.6697996586 0.5268354416
3.2063658237 1.6732807977 0.5266755819 13.8489065170 3.6731244988 0.5266755819
3.2053821087 1.6733394043 0.5265285373 13.8552665710 3.6763117232 0.5265285373
3.2044916153 1.6734229253 0.5263929367 13.8611383438 3.6793606817 0.5263929367
3.2036817074 1.6735262153 0.5262680650 13.8665523529 3.6822696904 0.5262680650
3.2029466629 1.6736451793 0.5261530876 13.8715429306 3.6850392818 0.5261530876
3.2022778988 1.6737762713 0.5260468721 13.8761367798 3.6876703119 0.5260468721
3.2016706467 1.6739155668 0.5259489417 13.8803653717 3.6901640059 0.5259489417
3.2011191845 1.6740604545 0.5258586407 13.8842401505 3.6925223204 0.5258586407
3.2006185055 1.6742085679 0.5257751942 13.8878049850 3.6947488940 0.5257751942
3.2001614571 1.6743577840 0.5256981850 13.8910703659 3.6968459786 0.5256981850
3.1997480392 1.6745058439 0.5256270170 13.8940601349 3.6988185784 0.5256270170
3.1993703842 1.6746521228 0.5255612135 13.8968009949 3.7006700151 0.5255612135
3.1990287304 1.6747945441 0.5255005360 13.8992996216 3.7024051595 0.5255005360
3.1987180710 1.6749328448 0.5254444480 13.9015855789 3.7040289733 0.5254444480
3.1984362602 1.6750660669 0.5253924727 13.9036741257 3.7055462492 0.5253924727
3.1981797218 1.6751934981 0.5253447294 13.9055719376 3.7069619470 0.5253447294
3.1979479790 1.6753152492 0.5253004432 13.9073019028 3.7082806290 0.5253004432
3.1977360249 1.6754304450 0.5252597332 13.9088697433 3.7095083918 0.5252597332
3.1975448132 1.6755394964 0.5252219439 13.9103059769 3.7106501834 0.5252219439
3.1973717213 1.6756424177 0.5251870751 13.9115972519 3.7117101822 0.5251870751
3.1972160339 1.6757388494 0.5251549482 13.9127769470 3.7126939005 0.5251549482
3.1970732212 1.6758291035 0.5251252651 13.9138431549 3.7136056157 0.5251252651
3.1969456673 1.6759133906 0.5250979662 13.9148044586 3.7144502252 0.5250979662
3.1968300343 1.6759919045 0.5250727534 13.9156818390 3.7152322214 0.5250727534
3.1967246532 1.6760647422 0.5250494480 13.9164648056 3.7159549176 0.5250494480
3.1966295242 1.6761324010 0.5250279307 13.9171743393 3.7166232692 0.5250279307
3.1965448856 1.6761949381 0.5250080824 13.9178199768 3.7172405016 0.5250080824
3.1964666843 1.6762527994 0.5249899626 13.9183940887 3.7178103996 0.5249899626
3.1963970661 1.6763058508 0.5249733329 13.9189081192 3.7183365131 0.5249733329
3.1963355541 1.6763550601 0.5249577165 13.9193754196 3.7188215805 0.5249577165
3.1962785721 1.6763999674 0.5249437094 13.9197950363 3.7192690546 0.5249437094
3.1962275505 1.6764414199 0.5249304771 13.9201650620 3.7196812029 0.5249304771
3.1961829662 1.6764793828 0.5249185562 13.9205036163 3.7200610848 0.5249185562
3.1961412430 1.6765140057 0.5249074101 13.9208087921 3.7204110921 0.5249074101
3.1961057186 1.6765456245 0.5248972178 13.9210700989 3.7207334342 0.5248972178
3.1960713863 1.6765745567 0.5248880982 13.9213123322 3.7210301743 0.5248880982
3.1960415840 1.6766011092 0.5248793960 13.9215221405 3.7213035810 0.5248793960
3.1960158348 1.6766251056 0.5248716474 13.9217119217 3.7215549715 0.5248716474
3.1959915161 1.6766470420 0.5248644352 13.9218816757 3.7217866699 0.5248644352
3.1959710121 1.6766669333 0.5248577595 13.9220294952 3.7219996953 0.5248577595
3.1959505081 1.6766848676 0.5248516798 13.9221591949 3.7221955798 0.5248516798
3.1959342957 1.6767013269 0.5248460770 13.9222812653 3.7223767771 0.5248460770
3.1959195137 1.6767162968 0.5248409510 13.9223814011 3.7225427738 0.5248409510
3.1959049702 1.6767295960 0.5248363614 13.9224710464 3.7226955233 0.5248363614
3.1958937645 1.6767417509 0.5248319507 13.9225511551 3.7228362668 0.5248319507
3.1958835125 1.6767526031 0.5248279572 13.9226226807 3.7229661626 0.5248279572
3.1958730221 1.6767627579 0.5248244405 13.9226856232 3.7230853770 0.5248244405
3.1958649158 1.6767716308 0.5248212218 13.9227371216 3.7231950868 0.5248212218
3.1958580017 1.6767796172 0.5248181224 13.9227867126 3.7232966377 0.5248181224
3.1958503723 1.6767868444 0.5248152614 13.9228219986 3.7233896487 0.5248152614
3.1958444118 1.6767936817 0.5248127580 13.9228630066 3.7234758638 0.5248127580
3.1958398819 1.6767992671 0.5248105526 13.9228887558 3.7235547737 0.5248105526
3.1958348751 1.6768047603 0.5248083472 13.9229154587 3.7236277564 0.5248083472
3.1958308220 1.6768094834 0.5248063803 13.9229393005 3.7236950001 0.5248063803
3.1958274841 1.6768139631 0.5248045921 13.9229574203 3.7237569862 0.5248045921
3.1958241463 1.6768174160 0.5248030424 13.9229726791 3.7238137419 0.5248030424
3.1958210468 1.6768209756 0.5248014927 13.9229841232 3.7238665912 0.5248014927
3.1958189011 1.6768240139 0.5248000026 13.9229984283 3.7239153097 0.5248000026
3.1958169937 1.6768269066 0.5247989297 13.9230089188 3.7239600451 0.5247989297
3.1958150864 1.6768291914 0.5247977972 13.9230155945 3.7240011579 0.5247977972
3.1958143711 1.6768312301 0.5247967243 13.9230251312 3.7240393930 0.5247967243
3.1958115101 1.6768331574 0.5247958302 13.9230251312 3.7240744917 0.5247958302
3.1958112717 1.6768348193 0.5247950554 13.9230308533 3.7241069213 0.5247949958
